3.1415926535897932384626433832795028841971693993751058209749445923078
164062862089986280348253421170679821480865132823066470938446095505822
317253594081284811174502841027019385211055596446229489549303819644288
109756659334461284756482337867831652712019091456485669234603486104543
266482133936072602491412737245870066063155881748815209209628292540917
153643678925903600113305305488204665213841469519415116094330572703657
595919530921861173819326117931051185480744623799627495673518857527248
912279381830119491298336733624406566430860213949463952247371907021798
609437027705392171762931767523846748184676694051320005681271452635608
277857713427577896091736371787214684409012249534301465495853710507922
796892589235420199561121290219608640344181598136297747713099605187072
113499999983729780499510597317328160963185950244594553469083026425223
082533446850352619311881710100031378387528865875332083814206171776691
473035982534904287554687311595628638823537875937519577818577805321712
268066130019278766111959092164201989380952572010654858632788659361533
818279682303019520353018529689957736225994138912497217752834791315155
748572424541506959508295331168617278558890750983817546374649393192550
604009277016711390098488240128583616035637076601047101819429555961989
467678374494482553797747268471040475346462080466842590694912933136770
289891521047521620569660240580381501935112533824300355876402474964732
639141992726042699227967823547816360093417216412199245863150302861829
745557067498385054945885869269956909272107975093029553211653449872027
559602364806654991198818347977535663698074265425278625518184175746728
909777727938000816470600161452491921732172147723501414419735685481613
611573525521334757418494684385233239073941433345477624168625189835694
855620992192221842725502542568876717904946016534668049886272327917860
857843838279679766814541009538837863609506800642251252051173929848960
841284886269456042419652850222106611863067442786220391949450471237137
869609563643719172874677646575739624138908658326459958133904780275900
994657640789512694683983525957098258226205224894077267194782684826014
769909026401363944374553050682034962524517493996514314298091906592509
372216964615157098583874105978859597729754989301617539284681382686838
689427741559918559252459539594310499725246808459872736446958486538367
362226260991246080512438843904512441365497627807977156914359977001296
160894416948685558484063534220722258284886481584560285060168427394522
674676788952521385225499546667278239864565961163548862305774564980355
936345681743241125150760694794510965960940252288797108931456691368672
287489405601015033086179286809208747609178249385890097149096759852613
655497818931297848216829989487226588048575640142704775551323796414515